Some((
    red: 0.5058824,
    green: 0.69803923,
    blue: 0.6039216,
))