Some((
    red: 0.11392403,
    green: 0.10179323,
    blue: 0.10179323,
    alpha: 1.0,
))